数据格式说明

数据以ASCII文本表示，以逗号为分隔符，以回车换行符(0x0D 0x0A)结尾。数据项及顺序：车辆标识、触发事件、运营状态、GPS时间、GPS经度、GPS纬度,、GPS速度、GPS方向、GPS状态
车辆标识：6个字符
触发事件：0=变空车，1=变载客，2=设防，3=撤防，4=其它
运营状态：0=空车，1=载客，2=驻车，3=停运，4=其它
GPS时间：格式yyyymmddhhnnss，北京时间
GPS经度：格式ddd.ddddddd，以度为单位。
GPS纬度：格式dd.ddddddd，以度为单位。
GPS速度：格式ddd，取值000-255内整数，以公里/小时为单位。
GPS方位：格式ddd，取值000-360内整数，以度为单位。
GPS状态：0=无效，1=有效
结束串:回车符+换行符

数据示例

431498,4,0,20121101095636,116.4243011,40.0727348,43,88,1
129521,4,2,20121101095634,116.1922989,39.9446297,0,258,1
164577,4,0,20121101095638,116.4711838,39.7105064,10,328,1
127415,4,0,20121101095638,116.4567719,40.0033951,28,204,1
068714,4,0,20121101095636,116.3357010,39.7835350,12,316,1
453390,4,1,20121101095638,116.4544678,39.8670235,12,194,1
194214,4,0,20121101095638,116.5025101,40.0135651,0,174,1
122451,4,2,20121101095636,116.2422867,39.8482933,0,86,1
020644,4,0,20121101095637,116.3695450,39.9489708,0,0,1

练习要求: 
1.把出租车轨迹文本文件转成一个shape文件，WGS84地理坐标系，每辆车一条轨迹线。
2.把上述shape文件投影后，生成一新Shape文件，为Google的投影坐标系。

处理流程：
1.读取文本文件中每一行的车辆标识、GPS经度和GPS纬度。
